A = [...
    4278
4309
4182
4016
3943
3975
3954
3850
3750
3634
3688
3610
3547
3532
3452
3384
3438
3278
3334
3212
3179
3150
3061
3071
3055
2850
2919
2852
2880
2752
2777
2717
2715
2666
2717
2765
2632
2483
2499
2430
2440
2553
2404
2409
2357
2290
2339
2300
2303
2300
2216
2248
2176
2169
2140
2128
2144
2139
2114
2123
2029
2073
1950
1927
1980
1932
1910
1866
1909
1825
1910
1880
1843
1778
1839
1724
1784
1797
1746
1888
1747
1815
1781
1740
1660
1682
1719
1741
1670
1617
1657
1637
1661
1550
1696
1678
1566
1594
1601
1602
1555
1515
1507
1548
1516
1566
1528
1594
1516
1407
1495
1471
1494
1548
1512
1506
1523
1432
1447
1479
1420
1412
1505
1433
1374
1421
1384
1353
1368
1428
1455
1363
1440
1370
1382
1383
1360
1460
1337
1313
1388
1392
1352
1345
1360
1317
1351
1250
1315
1332
1331
1374
1368
1339
1354
1343
1325
1330
1262
1303
1253
1284
1343
1291
1281
1261
1290
1187
1318
1274
1300
1389
1284
1293
1195
1246
1254
1220
1293
1311
1268
1278
1252
1288
1235
1220
1278
1220
1234
1185
1149
1260
1175
1201
1254
1239
1115
1192
1236
1203
1206
1250
1171
1206
1123
1158
1100
1165
1212
1229
1127
1165
1170
1189
1171
1252
1162
1099
1160
1099
1151
1164
1207
1164
1177
1065
1172
1096
1153
1112
1131
1069
1158
1160
1153
1133
1101
1150
1147
1220
1091
1101
1123
1099
1132
1088
1072
1102
1097
1080
1089
1132
1122
1127
1153
1111
1028
1071
1031
1058
1127
1152
1145
1117
1071
1098
1075
1123
1047
1055
1065
1110
1083
1065
1038
1073
1058
1129
1074
1031
1074
1080
951
1028
1084
1127
1071
1079
1082
1043
1078
1071
1054
1034
1024
958
1105
1017
1017
1063
990
1056
1023
1046
1048
1044
963
1027
1017
1081
941
1065
1059
1005
1085
933
1009
1016
1012
1049
1031
1005
997
1049
1014
1042
1030
999
1029
1007
964
1036
997
1004
967
985
967
984
1049
963
1008
1025
1054
998
969
988
967
937
1003
1045
964
1048
931
984
968
981
998
970
1002
985
965
965
968
946
1007
999
940
989
960
950
983
1002
932
960
957
970
979
964
903
982
965
953
990
909
916
983
980
951
915
999
965
998
895
933
927
932
1006
890
955
1002
988
926
939
992
992
928
887
904
880
925
958
964
969
956
892
951
939
943
893
979
973
919
967
938
889
902
939
904
887
952
945
950
917
935
907
900
973
883
926
915
928
975
887
943
920
945
893
963
980
948
890
960
950
856
950
943
924
918
926
940
913
926
918
909
905
880
958
908
860
898
924
882
922
952
891
887
912
879
873
906
907
967
875
862
937
864
862
903
902
890
850
892
914
891
867
895
827
881
858
918
909
863
887
860
903
858
903
849
883
845
860
908
884
896
902
818
906
864
864
817
899
928
871
879
847
848
901
882
870
827
907
850
911
913
886
854
904
868
878
890
835
812
858
956
946
821
896
927
891
848
845
881
894
819
880
861
868
873
834
852
826
840
813
875
818
755
832
821
882
829
824
823
863
854
856
843
831
829
836
824
847
813
811
848
851
847
867
912
843
860
832
877
853
844
792
831
813
864
853
861
823
852
838
842
784
865
856
834
877
805
754
822
807
844
856
914
839
839
823
835
830
780
863
801
850
798
827
884
844
847
811
806
821
830
845
812
815
864
814
863
861
838
830
804
805
804
787
878
777
852
837
797
830
852
826
783
863
788
812
827
791
813
759
816
804
824
849
796
840
738
758
842
780
783
777
813
800
799
849
830
786
841
767
844
777
864
773
793
853
843
856
791
810
771
764
777
801
839
797
776
776
825
774
804
768
878
798
758
801
817
800
775
746
809
826
784
764
776
733
814
787
789
792
776
812
801
751
856
766
740
784
789
767
746
737
751
807
852
740
762
724
831
758
810
802
783
825
810
785
797
792
772
816
791
797
815
772
751
798
804
754
724
813
753
706
760
788
708
753
779
805
818
800
786
803
838
794
773
764
809
754
798
752
780
790
802
802
793
733
778
802
741
775
760
768
765
771
803
790
800
742
774
713
777
758
775
746
750
727
752
765
771
733
738
757
798
726
775
790
842
799
739
757
774
760
704
750
694
748
800
723
768
749
773
774
757
789
746
732
728
767
781
736
707
755
790
793
801
734
796
696
763
753
749
748
770
774
800
797
723
793
709
736
755
780
737
774
754
695
759
715
772
791
754
772
735
772
765
780
765
775
746
728
751
768
764
729
760
774
755
737
754
765
763
753
737
755
711
750
745
723
765
690
781
736
806
745
768
753
673
787
713
682
774
726
789
748
765
721
752
766
720
695
735
739
737
743
700
755
732
741
746
726
743
764
689
739
680
742
703
760
724
751
774
741
790
748
697
742
745
794
767
762
729
735
757
747
732
777
763
685
685
702
720
714
734
745
773
710
714
728
732
726
716
697
683
739
697
742
673
742
732
715
738
722
724
742
732
777
734
751
707
748
754
753
750
663
764
707
741
706
715
713
695
750
677
752
734
722
703
713
717
696
768
716
703
669
716
704
739
711
715
721
733
749
693
729
711
710
682
703
746
684
693
707
762
695
791
745
721
701
761
724
748
743
748
708
754
734
752
741
711
724
681
687
727
690
735
735
737
704
781
747
721
725
690
758
781
715
726
724
635
762
722
743
725
754
764
688
721
734
723
752
698
783
720
739
690
770
696
699
753
730
704
704
693
721
672
726
741
681
709
738
704
712
696
690
728
750
758
762
739
701
716
707
761
694
763
772
715
748
711
680
765
697
728
668
736
696
719
729
684
729
770
719
707
704
721
739
736
714
733
738
770
738
684
700
702
727
646
707
735
699
710
733
741
752
775
724
752
737
704
755
694
743
737
729
708
720
736
710
713
754
766
719
685
726
704
801
726
709
715
806
749
801
690
775
766
799
752
691
702
722
740
776
792
770
732
732
707
764
774
766
746
715
725
763
764
741
749
716
737
735
767
766
729
759
696
711
757
712
724
726
750
771
759
777
757
747
740
771
746
786
742
707
777
725
815
786
773
813
759
749
719
812
741
776
740
775
764
704
764
794
715
789
740
763
770
777
771
809
777
813
745
749
798
824
777
856
775
773
809
797
814
847
792
765
747
811
804
798
863
823
809
841
838
830
768
812
841
807
803
776
809
864
834
825
809
868
832
813
839
789
765
806
821
803
836
834
750
749
827
811
799
813
806
779
805
799
780
788
776
741
720
745
767
752
806
776
817
792
829
775
791
797
797
816
793
743
811
800
826
800
857
748
841
787
761
772
791
813
802
765
781
762
755
772
805
819
813
790
773
802
794
770
822
854
836
835
824
821
818
873
813
834
845
784
826
792
777
806
824
857
837
884
854
848
844
857
849
896
887
852
856
853
867
873
871
894
864
893
882
911
927
916
893
946
884
916
879
952
916
938
905
920
913
992
955
905
938
991
1011
1010
970
971
965
960
946
982
967
1018
1055
997
1029
1053
1011
1011
1048
1061
1091
1069
1047
1134
1057
1087
1080
1105
1087
1132
1076
1123
1137
1164
1098
1166
1246
1192
1157
1204
1226
1214
1236
1240
1314
1306
1303
1214
1343
1327
1367
1389
1331
1389
1327
1417
1402
1400
1417
1489
1527
1520
1566
1557
1583
1525
1572
1625
1668
1631
1674
1678
1711
1722
1784
1844
1843
1887
1903
1986
2011
2032
2053
2088
2069
2210
2262
2330
2349
2434
2417
2307
2494
2451
2588
2680
2750
2912
2879
2867
2982
3126
3202
3291
3346
3406
3533
3548
3663
3913
3878
3981
4094
4349
4308
4458
4635
4696
4875
4995
5072
5121
5409
5526
5955
5851
6050
6238
6282
6502
6791
6859
7008
7250
7270
7435
7741
7869
8034
8295
8245
8409
8680
8721
9077
9242
9214
9423
9424
9522
9675
9703
9653
9803
9804
9726
9818
9817
9624
9602
9583
9437
9369
9330
8937
8972
8656
8720
8638
8400
8156
8047
7756
7461
7475
7092
7138
6791
6712
6501
6325
6033
6128
5915
5628
5614
5326
5224
4923
4897
4654
4684
4533
4272
4306
4103
3948
3927
3647
3652
3560
3420
3369
3284
3223
3041
3071
2896
2864
2751
2717
2715
2617
2533
2472
2425
2330
2354
2249
2157
2096
2106
2048
2036
1930
1917
1983
1863
1932
1849
1740
1700
1797
1658
1684
1686
1650
1511
1518
1529
1537
1525
1523
1568
1439
1404
1401
1388
1332
1316
1369
1389
1330
1339
1271
1211
1212
1219
1246
1219
1161
1172
1223
1204
1144
1121
1194
1081
1113
1121
1144
1160
1086
1067
1054
1073
1120
1018
1031
1076
1112
1058
1041
1044
1006
994
1001
1055
1017
995
973
1020
988
963
1004
960
959
988
989
895
965
922
888
907
917
867
919
935
905
901
931
941
946
866
922
919
870
904
870
834
873
864
821
839
869
905
831
831
827
827
890
874
804
847
804
871
827
811
785
865
839
804
810
799
754
790
805
776
794
763
784
816
770
809
755
804
798
752
824
708
777
825
828
803
804
785
768
736
707
688
722
749
777
736
757
777
734
742
759
749
715
680
760
749
720
715
713
735
696
746
768
690
706
761
759
700
707
753
686
690
749
742
708
748
689
694
703
700
706
722
670
740
737
698
737
736
686
721
666
723
673
732
686
