XRD_lowThighP = [...%[2 Theta (degrees), Intensity (counts)] XRD values from lehigh testing for 68atm 4C BB
18.12	106
18.52	420
18.7634	2508
20.2796	1273
20.48	394
27.7901	533
32.9827	126
38.1085	138
40.5281	1737
40.9	99
43.5721	75
52.8	151
53.1451	855
57.3	99
57.48	112
57.7	80
59.12	77
59.3600	91
63.7386	231
64.3322	135
67.04	113
67.18	101
70.24	84
70.6577	231
78.788	117];
