XRD_lowTlowP = [...%[2 Theta (degrees), Intensity (counts)] XRD values from lehigh testing for 1 atm 4 C BB
10.6935	20
10.9647	17
11.216	28
11.683	22
12.2025	13
14.898	18
15.2412	17
15.58	14
15.7922	14
16.38	13
16.5862	18
16.8333	20
17.215	18
17.8244	19
18.7503	17
19.0217	20
19.2805	16
19.81	14
20.1932	56
20.57	26
21.125	25
21.3321	27
21.5475	32
21.9841	53
22.6415	48
22.8246	20
23.5735	18
23.9419	18
24.1521	16
24.4071	49
25.1737	15
25.4455	15
25.717	23
25.9	14
26.7575	20
27.0322	23
27.5	15
28.015	18
28.605	15
28.7533	18
29.0838	16
29.3727	23
30.4725	14
31.5125	13
32.265	13
32.8723	123
34.6095	23
34.9805	15
35.48	16
35.68	15
36.0767	17
36.2555	16
36.649	14
37.3466	16
37.7	13
37.8644	20
38.08	27
38.4205	428
38.71	30
39	26
39.18	27
39.4222	17
39.9942	18
40.4575	13
40.785	14
41.068	14
41.6036	28
41.8106	28
42.28	16
42.756	14
42.9873	14
43.2646	15
43.66	13
44.0425	18
44.3	21
44.42	39
44.6686	192
45.2	20
45.36	19
45.8016	14
46.332	16
46.5933	17
47.8553	16
49.656	15
50.002	15
51.825	13
52.1583	13
52.463	23
52.7422	17
54.385	21
56.5033	18
58.0409	17
58.46	14
59.1483	16
59.778	17
60.245	17
62.685	18
63.7079	14
64.6828	24
65.0509	111
65.415	17
65.8433	17
66.2514	21
66.6783	13
67.1443	24
69.57	17
70.0348	20
70.4645	18
73.11	14
14.536	13
76.995	15
77.88	24
78.1979	101
78.7	14
79.9	15
82.5	23
83.3	14
83.9	21
84.3	18
86.5	13
87	16
89.7	14];

