XRD_highTlowP = [...  %[2 Theta (degrees), Intensity (counts)] XRD values from lehigh testing for 1 atm 100 C BB
10.3	12
11.9	26
13.6	108
16.4	13
17.9	7
19.7	8
20.8	9
22.7	9
25.1	5
27.9	142
30.2	13
32.9	77
33.9	5
38.2	139
43.8	5
44.4	6
44.9	8
45.9	12
47.4	57
48.9	177
51.3	10
53.1	5
54.3	16
56.3	14
59.7	7
63.5	43
64.7	86
67	24
71.8	42
73.4	10
73.7	11
75.1	5
78.3	12
79.4	14
80.5	9
82	9
85.7	28
88.3	7
89.7	11];


