H_h2 = ...
[
300	0.053
310	0.342
320	0.632
330	0.921
340	1.212
350	1.503
360	1.794
370	2.085
380	2.376
390	2.668
400	2.960
410	3.252
420	3.544
430	3.836
440	4.128
450	4.420
460	4.713
470	5.005
480	5.298
490	5.590
500	5.883
510	6.175
520	6.468
530	6.760
540	7.053
550	7.346
560	7.639
570	7.932
580	8.225
590	8.518
600	8.811
];