H_al = ...
    [
300	0.045
310	0.288
320	0.533
330	0.78
340	1.028
350	1.278
360	1.529
370	1.782
380	2.036
390	2.291
400	2.548
410	2.806
420	3.065
430	3.325
440	3.587
450	3.85
460	4.114
470	4.379
480	4.645
490	4.913
500	5.181
510	5.451
520	5.722
530	5.994
540	6.267
550	6.541
560	6.816
570	7.092
580	7.37
590	7.649
600	7.928
];