H_alooh = [300	350	400	450	500	550	600;
-996.415	-996.846	-997.269	-997.367	-997.365	-997.058	-996.99]';

