H_aloh3 =...
       1.0e+03 *[
    0.3000   -1.2933
    0.3100   -1.2924
    0.3200   -1.2914
    0.3300   -1.2904
    0.3400   -1.2894
    0.3500   -1.2884
    0.3600   -1.2873
    0.3700   -1.2862
    0.3800   -1.2851
    0.3900   -1.2840
    0.4000   -1.2829
    0.4100   -1.2817
    0.4200   -1.2805
    0.4300   -1.2793
    0.4400   -1.2781
    0.4500   -1.2768
    0.4600   -1.2756
    0.4700   -1.2743
    0.4800   -1.2730
    0.4900   -1.2717
    0.5000   -1.2703
    0.5100   -1.2690
    0.5200   -1.2676
    0.5300   -1.2662
    0.5400   -1.2647
    0.5500   -1.2633
    0.5600   -1.2618
    0.5700   -1.2603
    0.5800   -1.2588
    0.5900   -1.2573
    0.6000   -1.2557
    ];