H_al2o3 =...
   1.0e+03 *[
    0.3000   -1.6756
    0.3100   -1.6747
    0.3200   -1.6739
    0.3300   -1.6731
    0.3400   -1.6722
    0.3500   -1.6713
    0.3600   -1.6704
    0.3700   -1.6695
    0.3800   -1.6686
    0.3900   -1.6676
    0.4000   -1.6667
    0.4100   -1.6657
    0.4200   -1.6647
    0.4300   -1.6637
    0.4400   -1.6627
    0.4500   -1.6617
    0.4600   -1.6607
    0.4700   -1.6597
    0.4800   -1.6586
    0.4900   -1.6576
    0.5000   -1.6565
    0.5100   -1.6555
    0.5200   -1.6544
    0.5300   -1.6533
    0.5400   -1.6522
    0.5500   -1.6511
    0.5600   -1.6500
    0.5700   -1.6489
    0.5800   -1.6478
    0.5900   -1.6467
    0.6000   -1.6456
    ];