H_h2o =...
[
300	-285.691
310	-284.937
320	-284.184
330	-283.431
340	-282.677
350	-281.922
360	-281.166
370	-280.409
380	-279.649
390	-278.887
400	-278.121
410	-277.351
420	-276.577
430	-275.799
440	-275.016
450	-274.228
460	-273.435
470	-272.634
480	-271.824
490	-271.004
500	-270.171
510	-269.325
520	-268.463
530	-267.584
540	-266.684
550	-265.759
560	-264.803
570	-263.808
580	-262.762
590	-261.648
600	-260.447
];
